jails: 
  timeout: 
    world: world
    x: -26.204258028434293
    y: 92.0
    z: -31.27318282280276
    yaw: -48.592377
    pitch: 47.700058
