spawns: 
  default: 
    world: world
    x: -38.19123364659414
    y: 68.0
    z: -41.18031053874572
    yaw: -49.643463
    pitch: 1.5000045
  resource: 
    world: world_resource
    x: 39.01174220076424
    y: 70.0
    z: -138.94317553328617
    yaw: -268.81778
    pitch: -10.5000105
