spawns: 
  default: 
    world: world
    x: -37.51543484877769
    y: 68.0
    z: -40.51029427549234
    yaw: -45.143444
    pitch: 1.3499898
  resource: 
    world: world_resource
    x: 39.01174220076424
    y: 70.0
    z: -138.94317553328617
    yaw: -268.81778
    pitch: -10.5000105
