spawns: 
  default: 
    world: world
    x: -38.452574714804385
    y: 68.0
    z: -41.516651377348495
    yaw: -46.342834
    pitch: 6.1499944
  resource: 
    world: world_resource
    x: 39.01174220076424
    y: 70.0
    z: -138.94317553328617
    yaw: -268.81778
    pitch: -10.5000105
